Cod_Div;Latitud;Longitud;Región;Departamento;Fecha;Hora;Temperatura;Velocidad del Viento;Dirección del Viento;Presión;Punto de Rocío;Cobertura total nubosa;Precipitación (mm/h);Probabilidad de Tormenta;Humedad;Pronóstico 
15001000;5.539952;-73.35549;;BOYACÁ;2023-03-31;22:00;11.6;4.4;159.6;1018.4;10.9;99.6;0.0;0.0;95.3;Nublado
15001000;5.539952;-73.35549;;BOYACÁ;2023-03-31;23:00;11.4;1.8;159.6;1018.3;10.8;100.0;0.0;0.0;95.7;Nublado
15001000;5.539952;-73.35549;;BOYACÁ;2023-04-01;00:00;11.2;1.8;150.0;1017.8;10.7;100.0;0.0;0.0;96.3;Nublado
15001000;5.539952;-73.35549;;BOYACÁ;2023-04-01;01:00;11.0;1.5;150.0;1016.9;10.3;100.0;0.0;0.0;95.8;Nublado
15001000;5.539952;-73.35549;;BOYACÁ;2023-04-01;02:00;10.7;1.5;150.0;1016.0;10.0;100.0;0.0;0.0;95.4;Nublado
15001000;5.539952;-73.35549;;BOYACÁ;2023-04-01;03:00;10.1;1.6;149.6;1015.7;9.2;100.0;0.0;0.0;93.9;Nublado
15001000;5.539952;-73.35549;;BOYACÁ;2023-04-01;04:00;9.7;1.8;149.6;1016.0;8.8;100.0;0.0;0.0;94.2;Nublado
15001000;5.539952;-73.35549;;BOYACÁ;2023-04-01;05:00;9.3;1.5;140.0;1016.6;8.4;100.0;0.0;0.0;94.3;Nublado
15001000;5.539952;-73.35549;;BOYACÁ;2023-04-01;06:00;8.9;1.6;140.0;1017.5;8.0;100.0;0.0;0.0;94.1;Nublado
15001000;5.539952;-73.35549;;BOYACÁ;2023-04-01;07:00;9.7;1.6;150.0;1017.8;8.2;100.0;0.0;0.0;90.2;Nublado
15001000;5.539952;-73.35549;;BOYACÁ;2023-04-01;08:00;11.5;1.8;150.0;1017.4;7.3;100.0;0.0;0.0;75.2;Nublado
15001000;5.539952;-73.35549;;BOYACÁ;2023-04-01;09:00;13.4;1.9;159.5;1017.5;8.2;100.0;0.0;0.0;70.8;Nublado
15001000;5.539952;-73.35549;;BOYACÁ;2023-04-01;10:00;14.9;2.1;160.0;1017.0;9.0;100.0;0.0;0.0;67.6;Nublado
15001000;5.539952;-73.35549;;BOYACÁ;2023-04-01;11:00;16.1;3.0;170.0;1015.9;9.6;100.0;0.0;0.0;65.4;Nublado
15001000;5.539952;-73.35549;;BOYACÁ;2023-04-01;12:00;16.7;2.3;170.1;1014.6;9.9;100.0;0.0;0.0;64.3;Nublado
15001000;5.539952;-73.35549;;BOYACÁ;2023-04-01;13:00;16.8;2.7;159.7;1012.6;9.4;100.0;0.0;0.0;61.6;Nublado
15001000;5.539952;-73.35549;;BOYACÁ;2023-04-01;14:00;22.1;2.6;160.2;1011.4;8.7;90.0;0.0;0.0;61.8;Nublado
15001000;5.539952;-73.35549;;BOYACÁ;2023-04-01;15:00;14.9;2.3;169.6;1011.1;8.7;99.6;0.0;0.0;66.0;Nublado
15001000;5.539952;-73.35549;;BOYACÁ;2023-04-01;16:00;14.4;2.1;159.5;1011.6;9.5;99.6;0.0;0.0;72.7;Nublado
15001000;5.539952;-73.35549;;BOYACÁ;2023-04-01;17:00;13.7;1.6;160.1;1012.8;10.5;90.4;0.0;0.0;80.9;Nublado
15001000;5.539952;-73.35549;;BOYACÁ;2023-04-01;18:00;13.0;1.8;160.1;1014.6;11.6;100.0;0.0;0.0;91.0;Nublado
15001000;5.539952;-73.35549;;BOYACÁ;2023-04-01;19:00;12.5;2.0;159.6;1015.9;11.6;90.0;0.0;0.0;94.5;Nublado
15001000;5.539952;-73.35549;;BOYACÁ;2023-04-01;20:00;11.2;2.0;159.6;1016.8;10.5;100.0;0.3;0.0;95.1;Nublado - Llovizna
15001000;5.539952;-73.35549;;BOYACÁ;2023-04-01;21:00;11.2;1.8;160.0;1017.3;10.4;100.0;0.3;0.0;95.2;Nublado - Llovizna
15001000;5.539952;-73.35549;;BOYACÁ;2023-04-01;22:00;11.2;1.6;160.0;1017.6;10.3;100.0;0.3;0.0;94.3;Nublado - Llovizna
15001000;5.539952;-73.35549;;BOYACÁ;2023-04-01;23:00;11.1;1.3;150.0;1017.4;10.2;100.0;0.0;0.0;94.2;Nublado
15001000;5.539952;-73.35549;;BOYACÁ;2023-04-02;00:00;11.0;1.0;150.1;1016.9;10.2;100.0;0.0;0.0;94.9;Nublado
15001000;5.539952;-73.35549;;BOYACÁ;2023-04-02;01:00;10.7;1.1;150.0;1016.3;10.0;100.0;0.0;0.0;95.5;Nublado
15001000;5.539952;-73.35549;;BOYACÁ;2023-04-02;02:00;10.8;1.2;159.6;1015.5;10.2;100.0;0.0;0.0;95.9;Nublado
15001000;5.539952;-73.35549;;BOYACÁ;2023-04-02;03:00;10.6;1.2;160.0;1015.4;10.0;100.0;0.0;0.0;96.0;Nublado
15001000;5.539952;-73.35549;;BOYACÁ;2023-04-02;04:00;10.5;1.2;160.0;1015.7;9.9;100.0;0.0;0.0;96.1;Nublado
15001000;5.539952;-73.35549;;BOYACÁ;2023-04-02;05:00;10.3;1.3;150.0;1016.2;9.7;100.0;0.0;0.0;95.9;Nublado
15001000;5.539952;-73.35549;;BOYACÁ;2023-04-02;06:00;10.1;1.3;149.6;1017.0;9.5;100.0;0.0;0.0;95.7;Nublado
15001000;5.539952;-73.35549;;BOYACÁ;2023-04-02;07:00;10.8;1.5;150.0;1017.3;9.6;100.0;0.0;0.0;92.4;Nublado
15001000;5.539952;-73.35549;;BOYACÁ;2023-04-02;08:00;12.0;1.5;150.0;1017.7;10.0;100.0;0.0;0.0;87.5;Nublado
15001000;5.539952;-73.35549;;BOYACÁ;2023-04-02;09:00;13.8;1.9;160.0;1017.2;9.9;100.0;0.0;0.0;77.2;Nublado
15001000;5.539952;-73.35549;;BOYACÁ;2023-04-02;10:00;16.0;2.1;160.0;1015.7;9.8;99.6;0.0;0.0;66.6;Nublado
15001000;5.539952;-73.35549;;BOYACÁ;2023-04-02;11:00;17.3;2.1;160.0;1014.1;9.8;99.6;0.0;0.0;61.5;Nublado
15001000;5.539952;-73.35549;;BOYACÁ;2023-04-02;12:00;17.9;2.0;159.7;1012.5;9.9;99.6;0.0;0.0;59.5;Nublado
15001000;5.539952;-73.35549;;BOYACÁ;2023-04-02;13:00;17.2;1.9;159.7;1011.3;10.0;99.6;0.0;0.0;62.8;Nublado
15001000;5.539952;-73.35549;;BOYACÁ;2023-04-02;14:00;15.9;1.8;170.1;1011.2;10.6;90.0;0.0;0.0;70.9;Nublado
15001000;5.539952;-73.35549;;BOYACÁ;2023-04-02;15:00;14.7;1.9;180.2;1011.4;10.6;99.6;0.0;0.0;76.6;Nublado
15001000;5.539952;-73.35549;;BOYACÁ;2023-04-02;16:00;14.1;1.9;170.2;1011.8;10.8;99.6;0.0;0.0;80.9;Nublado
15001000;5.539952;-73.35549;;BOYACÁ;2023-04-02;17:00;13.9;1.7;159.6;1012.2;10.7;90.0;0.0;0.0;81.1;Nublado
15001000;5.539952;-73.35549;;BOYACÁ;2023-04-02;18:00;12.2;1.6;149.5;1013.7;10.5;100.0;0.0;0.0;89.4;Nublado
15001000;5.539952;-73.35549;;BOYACÁ;2023-04-02;19:00;10.6;1.8;159.6;1015.8;10.0;100.0;0.0;0.0;95.9;Nublado
15001000;5.539952;-73.35549;;BOYACÁ;2023-04-02;20:00;10.3;1.5;150.0;1016.6;9.8;100.0;0.0;0.0;96.3;Nublado
15001000;5.539952;-73.35549;;BOYACÁ;2023-04-02;21:00;10.4;1.5;150.0;1016.9;9.8;100.0;0.0;0.0;95.6;Nublado
15001000;5.539952;-73.35549;;BOYACÁ;2023-04-02;22:00;10.6;1.4;150.0;1017.2;9.9;100.0;0.0;0.0;95.2;Nublado
15001000;5.539952;-73.35549;;BOYACÁ;2023-04-02;23:00;10.7;1.3;150.0;1017.1;10.0;100.0;0.0;0.0;94.9;Nublado
15001000;5.539952;-73.35549;;BOYACÁ;2023-04-03;00:00;10.6;1.2;140.0;1016.7;10.0;100.0;0.0;0.0;95.8;Nublado
15001000;5.539952;-73.35549;;BOYACÁ;2023-04-03;01:00;10.5;1.3;130.0;1015.9;10.0;100.0;0.0;0.0;96.6;Nublado
15001000;5.539952;-73.35549;;BOYACÁ;2023-04-03;02:00;10.5;1.4;140.0;1015.1;10.0;100.0;0.0;0.0;97.2;Nublado
15001000;5.539952;-73.35549;;BOYACÁ;2023-04-03;03:00;10.4;1.5;150.0;1014.8;10.0;100.0;0.0;0.0;97.5;Nublado
15001000;5.539952;-73.35549;;BOYACÁ;2023-04-03;04:00;10.4;1.6;159.9;1015.0;10.0;100.0;0.0;0.0;97.2;Nublado
15001000;5.539952;-73.35549;;BOYACÁ;2023-04-03;05:00;10.3;1.6;150.0;1015.4;9.7;100.0;0.0;0.0;96.6;Nublado
15001000;5.539952;-73.35549;;BOYACÁ;2023-04-03;06:00;10.2;1.6;159.5;1015.9;9.7;100.0;0.0;0.0;96.7;Nublado
15001000;5.539952;-73.35549;;BOYACÁ;2023-04-03;07:00;10.8;1.6;160.0;1016.6;10.0;100.0;0.0;0.0;94.6;Nublado
15001000;5.539952;-73.35549;;BOYACÁ;2023-04-03;08:00;11.7;1.8;159.6;1017.1;9.7;99.6;0.0;0.0;87.8;Nublado
15001000;5.539952;-73.35549;;BOYACÁ;2023-04-03;09:00;13.0;2.1;160.0;1016.8;10.0;99.6;0.0;0.0;82.2;Nublado
15001000;5.539952;-73.35549;;BOYACÁ;2023-04-03;10:00;14.8;2.1;170.0;1015.7;10.2;90.0;0.0;0.0;73.8;Nublado
15001000;5.539952;-73.35549;;BOYACÁ;2023-04-03;11:00;16.2;2.3;170.0;1014.1;10.3;90.0;0.0;0.0;68.1;Nublado
15001000;5.539952;-73.35549;;BOYACÁ;2023-04-03;12:00;16.6;2.3;170.2;1013.0;10.5;90.0;0.0;0.0;67.4;Nublado
15001000;5.539952;-73.35549;;BOYACÁ;2023-04-03;13:00;16.3;2.3;159.7;1011.9;10.4;90.0;0.0;0.0;68.1;Nublado
15001000;5.539952;-73.35549;;BOYACÁ;2023-04-03;14:00;15.9;2.0;149.6;1011.3;10.4;80.1;0.0;;69.9;Nublado
15001000;5.539952;-73.35549;;BOYACÁ;2023-04-03;15:00;15.0;1.8;139.9;1011.2;10.4;90.0;0.0;0.0;74.3;Nublado
15001000;5.539952;-73.35549;;BOYACÁ;2023-04-03;16:00;14.6;1.7;149.9;1010,8;10.7;100.0;0.0;0.0;77.1;Nublado
15001000;5.539952;-73.35549;;BOYACÁ;2023-04-03;17:00;13.3;1.6;159.5;1012.0;10.9;100.0;0.0;0.0;85.5;Nublado
15001000;5.539952;-73.35549;;BOYACÁ;2023-04-03;18:00;11.8;1.5;150.0;1013.5;10.6;100.0;0.0;0.0;92.1;Nublado
15001000;5.539952;-73.35549;;BOYACÁ;2023-04-03;19:00;11.3;1.3;159.6;1014,6;10.4;100.0;0.0;0.0;94.4;Nublado
15001000;5.539952;-73.35549;;BOYACÁ;2023-04-03;20:00;11.0;1.2;159.6;1015.5;10.3;100.0;0.3;;95.5;Nublado - Llovizna
15001000;5.539952;-73.35549;;BOYACÁ;2023-04-03;21:00;10.8;1.4;169.6;1016.2;10.3;100.0;0.6;0.0;96.2;Nublado - Lluvia
15001000;5.539952;-73.35549;;BOYACÁ;2023-04-03;22:00;10.8;1.1;159.6;1016.4;10.3;100.0;1.0;0.0;96.4;Nublado - Lluvia
15001000;5.539952;-73.35549;;BOYACÁ;2023-04-03;23:00;10.9;0.9;170.0;1016.1;10.4;100.0;0.7;;96.7;Nublado - Lluvia
15001000;5.539952;-73.35549;;BOYACÁ;2023-04-04;00:00;10.8;1.0;170.0;1015.8;10.3;100.0;0.4;0.0;96.9;Nublado - Llovizna
15001000;5.539952;-73.35549;;BOYACÁ;2023-04-04;01:00;10.7;0.8;160.0;1015.0;10.2;100.0;0.0;;96.6;Nublado
